# all linear layers are spectrally normalized
mean_loss= [1.16292178]
rmse_fx= 0.24954878923678328 rmse_fy= 0.24096166616982842 rmse_fz= 0.19759898528923825 rmse_f= 0.12198399211607684
rmse_px= 0.010487088160682678 rmse_py= 0.01112930614507978 rmse_pz= 0.005850517796639917
rmse_mvx= 0.0009914913574856463 rmse_mvy= 0.0010001891763357152 rmse_mvz= 0.0009939329620650469
rmse_mhvx= 0.003001469107859446 rmse_mhvy= 0.0025074698142714276 rmse_mhvz= 0.003260335664567678

# only the first layer is not spectrally normalized
mean_loss= [1.20357197]
rmse_fx= 0.24954581957314673 rmse_fy= 0.2409934001418945 rmse_fz= 0.1976642299659773 rmse_f= 0.12223544291808923
rmse_px= 0.010652222946548688 rmse_py= 0.011112107375707054 rmse_pz= 0.005859434852655143
rmse_mvx= 0.0010056451180610758 rmse_mvy= 0.0009984866362235502 rmse_mvz= 0.000986572040875456
rmse_mhvx= 0.0030065964774662994 rmse_mhvy= 0.0025176319761101313 rmse_mhvz= 0.0032589005863586772
