


mean_loss= [2.50025927]
rmse_fx= 0.40543406213735744 rmse_fy= 0.4452850472178783 rmse_fz= 0.2655519614619242 rmse_f= 0.18349524332707345
rmse_px= 0.016160194008808165 rmse_py= 0.01820837143918041 rmse_pz= 0.008249575037365807
rmse_mvx= 0.000999768578239761 rmse_mvy= 0.0010082562798616659 rmse_mvz= 0.0009734017354821735
rmse_mhvx= 0.005939728637250836 rmse_mhvy= 0.0061739158190677185 rmse_mhvz= 0.005069143411141721
